[Raw Data(Have BK)]
Enable=1
Bin#=8
Frame Count=1
SPEC Option=0
SPEC=0x0
Benchmark_TotalThreshold_Max=0
Benchmark_TotalThreshold_Min=0
Max=65535
Min=0
Type Option=0
Trimmed Mean=0
Lowest Percentage=10
Highest Percentage=10
Retry Count=0
[Noise Peak To Peak(With Panel)]
Enable=1
Bin#=5
Frame Count=40
SPEC Option=0
SPEC=0x0
Benchmark_TotalThreshold_Max=0
Benchmark_TotalThreshold_Min=0
Type Option=0
Max=65535
Min=0
Trimmed Mean=0
Lowest Percentage=10
Highest Percentage=10
Retry Count=1
[Open Test(integration)_SP]
Enable=1
Bin#=7
Frame Count=1
SPEC Option=1
SPEC=0x0
Benchmark_TotalThreshold_Max=0
Benchmark_TotalThreshold_Min=0
Type Option=0
Max=65535
Min=0
Trimmed Mean=0
Lowest Percentage=10
Highest Percentage=10
Charge_AA=15
Charge_Border=20
Charge_Notch=20
Full Open=3
Retry Count=0
[Short Test -ILI9881]
Enable=1
Bin#=6
Frame Count=1
Max=8000000
Min=0
Trimmed Mean=0
Lowest Percentage=10
Highest Percentage=10
SPEC Option=0
SPEC=0x0
Benchmark_TotalThreshold_Max=0
Benchmark_TotalThreshold_Min=0
Type Option=0
Retry Count=0
[Raw Data(Have BK) (LCM OFF)]
Enable=1
Bin#=3
Frame Count=1
SPEC Option=0
SPEC=0x0
Benchmark_TotalThreshold_Max=0
Benchmark_TotalThreshold_Min=0
Type Option=0
Max=65535
Min=0
Trimmed Mean=0
Lowest Percentage=10
Highest Percentage=10
[Noise Peak To Peak(With Panel) (LCM OFF)]
Enable=1
Bin#=6
Frame Count=1
SPEC Option=0
SPEC=0x0
Benchmark_TotalThreshold_Max=0
Benchmark_TotalThreshold_Min=0
Type Option=0
Max=65535
Min=0
Trimmed Mean=0
Lowest Percentage=10
Highest Percentage=10
[Noise Peak To Peak(With Panel)_Benchmark_Data]
[Short Test -ILI9881_Benchmark_Data]
[Open Test(integration)_SP_Benchmark_Data]
1,0,255,0;1,0,255,0;1,0,255,0;1,0,255,0;0,0,255,0;0,0,255,0;0,0,255,0;0,0,255,0;0,0,255,0;0,0,255,0;0,0,255,0;0,0,255,0;0,0,255,0;0,0,255,0;1,0,255,0;1,0,255,0;1,0,255,0;1,0,255,0
1,0,255,0;1,0,255,0;1,0,255,0;1,0,255,0;1,0,255,0;1,0,255,0;1,0,255,0;1,0,255,0;1,0,255,0;1,0,255,0;1,0,255,0;1,0,255,0;1,0,255,0;1,0,255,0;1,0,255,0;1,0,255,0;1,0,255,0;1,0,255,0
1,0,255,0;1,0,255,0;1,0,255,0;1,0,255,0;1,0,255,0;1,0,255,0;1,0,255,0;1,0,255,0;1,0,255,0;1,0,255,0;1,0,255,0;1,0,255,0;1,0,255,0;1,0,255,0;1,0,255,0;1,0,255,0;1,0,255,0;1,0,255,0
1,0,255,0;1,0,255,0;1,0,255,0;1,0,255,0;1,0,255,0;1,0,255,0;1,0,255,0;1,0,255,0;1,0,255,0;1,0,255,0;1,0,255,0;1,0,255,0;1,0,255,0;1,0,255,0;1,0,255,0;1,0,255,0;1,0,255,0;1,0,255,0
1,0,255,0;1,0,255,0;1,0,255,0;1,0,255,0;1,0,255,0;1,0,255,0;1,0,255,0;1,0,255,0;1,0,255,0;1,0,255,0;1,0,255,0;1,0,255,0;1,0,255,0;1,0,255,0;1,0,255,0;1,0,255,0;1,0,255,0;1,0,255,0
1,0,255,0;1,0,255,0;1,0,255,0;1,0,255,0;1,0,255,0;1,0,255,0;1,0,255,0;1,0,255,0;1,0,255,0;1,0,255,0;1,0,255,0;1,0,255,0;1,0,255,0;1,0,255,0;1,0,255,0;1,0,255,0;1,0,255,0;1,0,255,0
1,0,255,0;1,0,255,0;1,0,255,0;1,0,255,0;1,0,255,0;1,0,255,0;1,0,255,0;1,0,255,0;1,0,255,0;1,0,255,0;1,0,255,0;1,0,255,0;1,0,255,0;1,0,255,0;1,0,255,0;1,0,255,0;1,0,255,0;1,0,255,0
1,0,255,0;1,0,255,0;1,0,255,0;1,0,255,0;1,0,255,0;1,0,255,0;1,0,255,0;1,0,255,0;1,0,255,0;1,0,255,0;1,0,255,0;1,0,255,0;1,0,255,0;1,0,255,0;1,0,255,0;1,0,255,0;1,0,255,0;1,0,255,0
1,0,255,0;1,0,255,0;1,0,255,0;1,0,255,0;1,0,255,0;1,0,255,0;1,0,255,0;1,0,255,0;1,0,255,0;1,0,255,0;1,0,255,0;1,0,255,0;1,0,255,0;1,0,255,0;1,0,255,0;1,0,255,0;1,0,255,0;1,0,255,0
1,0,255,0;1,0,255,0;1,0,255,0;1,0,255,0;1,0,255,0;1,0,255,0;1,0,255,0;1,0,255,0;1,0,255,0;1,0,255,0;1,0,255,0;1,0,255,0;1,0,255,0;1,0,255,0;1,0,255,0;1,0,255,0;1,0,255,0;1,0,255,0
1,0,255,0;1,0,255,0;1,0,255,0;1,0,255,0;1,0,255,0;1,0,255,0;1,0,255,0;1,0,255,0;1,0,255,0;1,0,255,0;1,0,255,0;1,0,255,0;1,0,255,0;1,0,255,0;1,0,255,0;1,0,255,0;1,0,255,0;1,0,255,0
1,0,255,0;1,0,255,0;1,0,255,0;1,0,255,0;1,0,255,0;1,0,255,0;1,0,255,0;1,0,255,0;1,0,255,0;1,0,255,0;1,0,255,0;1,0,255,0;1,0,255,0;1,0,255,0;1,0,255,0;1,0,255,0;1,0,255,0;1,0,255,0
1,0,255,0;1,0,255,0;1,0,255,0;1,0,255,0;1,0,255,0;1,0,255,0;1,0,255,0;1,0,255,0;1,0,255,0;1,0,255,0;1,0,255,0;1,0,255,0;1,0,255,0;1,0,255,0;1,0,255,0;1,0,255,0;1,0,255,0;1,0,255,0
1,0,255,0;1,0,255,0;1,0,255,0;1,0,255,0;1,0,255,0;1,0,255,0;1,0,255,0;1,0,255,0;1,0,255,0;1,0,255,0;1,0,255,0;1,0,255,0;1,0,255,0;1,0,255,0;1,0,255,0;1,0,255,0;1,0,255,0;1,0,255,0
1,0,255,0;1,0,255,0;1,0,255,0;1,0,255,0;1,0,255,0;1,0,255,0;1,0,255,0;1,0,255,0;1,0,255,0;1,0,255,0;1,0,255,0;1,0,255,0;1,0,255,0;1,0,255,0;1,0,255,0;1,0,255,0;1,0,255,0;1,0,255,0
1,0,255,0;1,0,255,0;1,0,255,0;1,0,255,0;1,0,255,0;1,0,255,0;1,0,255,0;1,0,255,0;1,0,255,0;1,0,255,0;1,0,255,0;1,0,255,0;1,0,255,0;1,0,255,0;1,0,255,0;1,0,255,0;1,0,255,0;1,0,255,0
1,0,255,0;1,0,255,0;1,0,255,0;1,0,255,0;1,0,255,0;1,0,255,0;1,0,255,0;1,0,255,0;1,0,255,0;1,0,255,0;1,0,255,0;1,0,255,0;1,0,255,0;1,0,255,0;1,0,255,0;1,0,255,0;1,0,255,0;1,0,255,0
1,0,255,0;1,0,255,0;1,0,255,0;1,0,255,0;1,0,255,0;1,0,255,0;1,0,255,0;1,0,255,0;1,0,255,0;1,0,255,0;1,0,255,0;1,0,255,0;1,0,255,0;1,0,255,0;1,0,255,0;1,0,255,0;1,0,255,0;1,0,255,0
1,0,255,0;1,0,255,0;1,0,255,0;1,0,255,0;1,0,255,0;1,0,255,0;1,0,255,0;1,0,255,0;1,0,255,0;1,0,255,0;1,0,255,0;1,0,255,0;1,0,255,0;1,0,255,0;1,0,255,0;1,0,255,0;1,0,255,0;1,0,255,0
1,0,255,0;1,0,255,0;1,0,255,0;1,0,255,0;1,0,255,0;1,0,255,0;1,0,255,0;1,0,255,0;1,0,255,0;1,0,255,0;1,0,255,0;1,0,255,0;1,0,255,0;1,0,255,0;1,0,255,0;1,0,255,0;1,0,255,0;1,0,255,0
1,0,255,0;1,0,255,0;1,0,255,0;1,0,255,0;1,0,255,0;1,0,255,0;1,0,255,0;1,0,255,0;1,0,255,0;1,0,255,0;1,0,255,0;1,0,255,0;1,0,255,0;1,0,255,0;1,0,255,0;1,0,255,0;1,0,255,0;1,0,255,0
1,0,255,0;1,0,255,0;1,0,255,0;1,0,255,0;1,0,255,0;1,0,255,0;1,0,255,0;1,0,255,0;1,0,255,0;1,0,255,0;1,0,255,0;1,0,255,0;1,0,255,0;1,0,255,0;1,0,255,0;1,0,255,0;1,0,255,0;1,0,255,0
1,0,255,0;1,0,255,0;1,0,255,0;1,0,255,0;1,0,255,0;1,0,255,0;1,0,255,0;1,0,255,0;1,0,255,0;1,0,255,0;1,0,255,0;1,0,255,0;1,0,255,0;1,0,255,0;1,0,255,0;1,0,255,0;1,0,255,0;1,0,255,0
1,0,255,0;1,0,255,0;1,0,255,0;1,0,255,0;1,0,255,0;1,0,255,0;1,0,255,0;1,0,255,0;1,0,255,0;1,0,255,0;1,0,255,0;1,0,255,0;1,0,255,0;1,0,255,0;1,0,255,0;1,0,255,0;1,0,255,0;1,0,255,0
1,0,255,0;1,0,255,0;1,0,255,0;1,0,255,0;1,0,255,0;1,0,255,0;1,0,255,0;1,0,255,0;1,0,255,0;1,0,255,0;1,0,255,0;1,0,255,0;1,0,255,0;1,0,255,0;1,0,255,0;1,0,255,0;1,0,255,0;1,0,255,0
1,0,255,0;1,0,255,0;1,0,255,0;1,0,255,0;1,0,255,0;1,0,255,0;1,0,255,0;1,0,255,0;1,0,255,0;1,0,255,0;1,0,255,0;1,0,255,0;1,0,255,0;1,0,255,0;1,0,255,0;1,0,255,0;1,0,255,0;1,0,255,0
1,0,255,0;1,0,255,0;1,0,255,0;1,0,255,0;1,0,255,0;1,0,255,0;1,0,255,0;1,0,255,0;1,0,255,0;1,0,255,0;1,0,255,0;1,0,255,0;1,0,255,0;1,0,255,0;1,0,255,0;1,0,255,0;1,0,255,0;1,0,255,0
1,0,255,0;1,0,255,0;1,0,255,0;1,0,255,0;1,0,255,0;1,0,255,0;1,0,255,0;1,0,255,0;1,0,255,0;1,0,255,0;1,0,255,0;1,0,255,0;1,0,255,0;1,0,255,0;1,0,255,0;1,0,255,0;1,0,255,0;1,0,255,0
1,0,255,0;1,0,255,0;1,0,255,0;1,0,255,0;1,0,255,0;1,0,255,0;1,0,255,0;1,0,255,0;1,0,255,0;1,0,255,0;1,0,255,0;1,0,255,0;1,0,255,0;1,0,255,0;1,0,255,0;1,0,255,0;1,0,255,0;1,0,255,0
1,0,255,0;1,0,255,0;1,0,255,0;1,0,255,0;1,0,255,0;1,0,255,0;1,0,255,0;1,0,255,0;1,0,255,0;1,0,255,0;1,0,255,0;1,0,255,0;1,0,255,0;1,0,255,0;1,0,255,0;1,0,255,0;1,0,255,0;1,0,255,0
1,0,255,0;1,0,255,0;1,0,255,0;1,0,255,0;1,0,255,0;1,0,255,0;1,0,255,0;1,0,255,0;1,0,255,0;1,0,255,0;1,0,255,0;1,0,255,0;1,0,255,0;1,0,255,0;1,0,255,0;1,0,255,0;1,0,255,0;1,0,255,0
1,0,255,0;1,0,255,0;1,0,255,0;1,0,255,0;1,0,255,0;1,0,255,0;1,0,255,0;1,0,255,0;1,0,255,0;1,0,255,0;1,0,255,0;1,0,255,0;1,0,255,0;1,0,255,0;1,0,255,0;1,0,255,0;1,0,255,0;1,0,255,0
[Raw Data(Have BK)_Benchmark_Data]
1,65535,1,100;1,65535,1,100;1,65535,1,100;1,65535,1,100;1,65535,1,100;1,65535,1,100;1,65535,1,100;1,65535,1,100;1,65535,1,100;1,65535,1,100;1,65535,1,100;1,65535,1,100;1,65535,1,100;1,65535,1,100;1,65535,1,100;1,65535,1,100;1,65535,1,100;1,65535,1,100
1,65535,1,100;1,65535,1,100;1,65535,1,100;1,65535,1,100;1,65535,1,100;1,65535,1,100;1,65535,1,100;1,65535,1,100;1,65535,1,100;1,65535,1,100;1,65535,1,100;1,65535,1,100;1,65535,1,100;1,65535,1,100;1,65535,1,100;1,65535,1,100;1,65535,1,100;1,65535,1,100
1,65535,1,100;1,65535,1,100;1,65535,1,100;1,65535,1,100;1,65535,1,100;1,65535,1,100;1,65535,1,100;1,65535,1,100;1,65535,1,100;1,65535,1,100;1,65535,1,100;1,65535,1,100;1,65535,1,100;1,65535,1,100;1,65535,1,100;1,65535,1,100;1,65535,1,100;1,65535,1,100
1,65535,1,100;1,65535,1,100;1,65535,1,100;1,65535,1,100;1,65535,1,100;1,65535,1,100;1,65535,1,100;1,65535,1,100;1,65535,1,100;1,65535,1,100;1,65535,1,100;1,65535,1,100;1,65535,1,100;1,65535,1,100;1,65535,1,100;1,65535,1,100;1,65535,1,100;1,65535,1,100
1,65535,1,100;1,65535,1,100;1,65535,1,100;1,65535,1,100;1,65535,1,100;1,65535,1,100;1,65535,1,100;1,65535,1,100;1,65535,1,100;1,65535,1,100;1,65535,1,100;1,65535,1,100;1,65535,1,100;1,65535,1,100;1,65535,1,100;1,65535,1,100;1,65535,1,100;1,65535,1,100
1,65535,1,100;1,65535,1,100;1,65535,1,100;1,65535,1,100;1,65535,1,100;1,65535,1,100;1,65535,1,100;1,65535,1,100;1,65535,1,100;1,65535,1,100;1,65535,1,100;1,65535,1,100;1,65535,1,100;1,65535,1,100;1,65535,1,100;1,65535,1,100;1,65535,1,100;1,65535,1,100
1,65535,1,100;1,65535,1,100;1,65535,1,100;1,65535,1,100;1,65535,1,100;1,65535,1,100;1,65535,1,100;1,65535,1,100;1,65535,1,100;1,65535,1,100;1,65535,1,100;1,65535,1,100;1,65535,1,100;1,65535,1,100;1,65535,1,100;1,65535,1,100;1,65535,1,100;1,65535,1,100
1,65535,1,100;1,65535,1,100;1,65535,1,100;1,65535,1,100;1,65535,1,100;1,65535,1,100;1,65535,1,100;1,65535,1,100;1,65535,1,100;1,65535,1,100;1,65535,1,100;1,65535,1,100;1,65535,1,100;1,65535,1,100;1,65535,1,100;1,65535,1,100;1,65535,1,100;1,65535,1,100
1,65535,1,100;1,65535,1,100;1,65535,1,100;1,65535,1,100;1,65535,1,100;1,65535,1,100;1,65535,1,100;1,65535,1,100;1,65535,1,100;1,65535,1,100;1,65535,1,100;1,65535,1,100;1,65535,1,100;1,65535,1,100;1,65535,1,100;1,65535,1,100;1,65535,1,100;1,65535,1,100
1,65535,1,100;1,65535,1,100;1,65535,1,100;1,65535,1,100;1,65535,1,100;1,65535,1,100;1,65535,1,100;1,65535,1,100;1,65535,1,100;1,65535,1,100;1,65535,1,100;1,65535,1,100;1,65535,1,100;1,65535,1,100;1,65535,1,100;1,65535,1,100;1,65535,1,100;1,65535,1,100
1,65535,1,100;1,65535,1,100;1,65535,1,100;1,65535,1,100;1,65535,1,100;1,65535,1,100;1,65535,1,100;1,65535,1,100;1,65535,1,100;1,65535,1,100;1,65535,1,100;1,65535,1,100;1,65535,1,100;1,65535,1,100;1,65535,1,100;1,65535,1,100;1,65535,1,100;1,65535,1,100
1,65535,1,100;1,65535,1,100;1,65535,1,100;1,65535,1,100;1,65535,1,100;1,65535,1,100;1,65535,1,100;1,65535,1,100;1,65535,1,100;1,65535,1,100;1,65535,1,100;1,65535,1,100;1,65535,1,100;1,65535,1,100;1,65535,1,100;1,65535,1,100;1,65535,1,100;1,65535,1,100
1,65535,1,100;1,65535,1,100;1,65535,1,100;1,65535,1,100;1,65535,1,100;1,65535,1,100;1,65535,1,100;1,65535,1,100;1,65535,1,100;1,65535,1,100;1,65535,1,100;1,65535,1,100;1,65535,1,100;1,65535,1,100;1,65535,1,100;1,65535,1,100;1,65535,1,100;1,65535,1,100
1,65535,1,100;1,65535,1,100;1,65535,1,100;1,65535,1,100;1,65535,1,100;1,65535,1,100;1,65535,1,100;1,65535,1,100;1,65535,1,100;1,65535,1,100;1,65535,1,100;1,65535,1,100;1,65535,1,100;1,65535,1,100;1,65535,1,100;1,65535,1,100;1,65535,1,100;1,65535,1,100
1,65535,1,100;1,65535,1,100;1,65535,1,100;1,65535,1,100;1,65535,1,100;1,65535,1,100;1,65535,1,100;1,65535,1,100;1,65535,1,100;1,65535,1,100;1,65535,1,100;1,65535,1,100;1,65535,1,100;1,65535,1,100;1,65535,1,100;1,65535,1,100;1,65535,1,100;1,65535,1,100
1,65535,1,100;1,65535,1,100;1,65535,1,100;1,65535,1,100;1,65535,1,100;1,65535,1,100;1,65535,1,100;1,65535,1,100;1,65535,1,100;1,65535,1,100;1,65535,1,100;1,65535,1,100;1,65535,1,100;1,65535,1,100;1,65535,1,100;1,65535,1,100;1,65535,1,100;1,65535,1,100
1,65535,1,100;1,65535,1,100;1,65535,1,100;1,65535,1,100;1,65535,1,100;1,65535,1,100;1,65535,1,100;1,65535,1,100;1,65535,1,100;1,65535,1,100;1,65535,1,100;1,65535,1,100;1,65535,1,100;1,65535,1,100;1,65535,1,100;1,65535,1,100;1,65535,1,100;1,65535,1,100
1,65535,1,100;1,65535,1,100;1,65535,1,100;1,65535,1,100;1,65535,1,100;1,65535,1,100;1,65535,1,100;1,65535,1,100;1,65535,1,100;1,65535,1,100;1,65535,1,100;1,65535,1,100;1,65535,1,100;1,65535,1,100;1,65535,1,100;1,65535,1,100;1,65535,1,100;1,65535,1,100
1,65535,1,100;1,65535,1,100;1,65535,1,100;1,65535,1,100;1,65535,1,100;1,65535,1,100;1,65535,1,100;1,65535,1,100;1,65535,1,100;1,65535,1,100;1,65535,1,100;1,65535,1,100;1,65535,1,100;1,65535,1,100;1,65535,1,100;1,65535,1,100;1,65535,1,100;1,65535,1,100
1,65535,1,100;1,65535,1,100;1,65535,1,100;1,65535,1,100;1,65535,1,100;1,65535,1,100;1,65535,1,100;1,65535,1,100;1,65535,1,100;1,65535,1,100;1,65535,1,100;1,65535,1,100;1,65535,1,100;1,65535,1,100;1,65535,1,100;1,65535,1,100;1,65535,1,100;1,65535,1,100
1,65535,1,100;1,65535,1,100;1,65535,1,100;1,65535,1,100;1,65535,1,100;1,65535,1,100;1,65535,1,100;1,65535,1,100;1,65535,1,100;1,65535,1,100;1,65535,1,100;1,65535,1,100;1,65535,1,100;1,65535,1,100;1,65535,1,100;1,65535,1,100;1,65535,1,100;1,65535,1,100
1,65535,1,100;1,65535,1,100;1,65535,1,100;1,65535,1,100;1,65535,1,100;1,65535,1,100;1,65535,1,100;1,65535,1,100;1,65535,1,100;1,65535,1,100;1,65535,1,100;1,65535,1,100;1,65535,1,100;1,65535,1,100;1,65535,1,100;1,65535,1,100;1,65535,1,100;1,65535,1,100
1,65535,1,100;1,65535,1,100;1,65535,1,100;1,65535,1,100;1,65535,1,100;1,65535,1,100;1,65535,1,100;1,65535,1,100;1,65535,1,100;1,65535,1,100;1,65535,1,100;1,65535,1,100;1,65535,1,100;1,65535,1,100;1,65535,1,100;1,65535,1,100;1,65535,1,100;1,65535,1,100
1,65535,1,100;1,65535,1,100;1,65535,1,100;1,65535,1,100;1,65535,1,100;1,65535,1,100;1,65535,1,100;1,65535,1,100;1,65535,1,100;1,65535,1,100;1,65535,1,100;1,65535,1,100;1,65535,1,100;1,65535,1,100;1,65535,1,100;1,65535,1,100;1,65535,1,100;1,65535,1,100
1,65535,1,100;1,65535,1,100;1,65535,1,100;1,65535,1,100;1,65535,1,100;1,65535,1,100;1,65535,1,100;1,65535,1,100;1,65535,1,100;1,65535,1,100;1,65535,1,100;1,65535,1,100;1,65535,1,100;1,65535,1,100;1,65535,1,100;1,65535,1,100;1,65535,1,100;1,65535,1,100
1,65535,1,100;1,65535,1,100;1,65535,1,100;1,65535,1,100;1,65535,1,100;1,65535,1,100;1,65535,1,100;1,65535,1,100;1,65535,1,100;1,65535,1,100;1,65535,1,100;1,65535,1,100;1,65535,1,100;1,65535,1,100;1,65535,1,100;1,65535,1,100;1,65535,1,100;1,65535,1,100
1,65535,1,100;1,65535,1,100;1,65535,1,100;1,65535,1,100;1,65535,1,100;1,65535,1,100;1,65535,1,100;1,65535,1,100;1,65535,1,100;1,65535,1,100;1,65535,1,100;1,65535,1,100;1,65535,1,100;1,65535,1,100;1,65535,1,100;1,65535,1,100;1,65535,1,100;1,65535,1,100
1,65535,1,100;1,65535,1,100;1,65535,1,100;1,65535,1,100;1,65535,1,100;1,65535,1,100;1,65535,1,100;1,65535,1,100;1,65535,1,100;1,65535,1,100;1,65535,1,100;1,65535,1,100;1,65535,1,100;1,65535,1,100;1,65535,1,100;1,65535,1,100;1,65535,1,100;1,65535,1,100
1,65535,1,100;1,65535,1,100;1,65535,1,100;1,65535,1,100;1,65535,1,100;1,65535,1,100;1,65535,1,100;1,65535,1,100;1,65535,1,100;1,65535,1,100;1,65535,1,100;1,65535,1,100;1,65535,1,100;1,65535,1,100;1,65535,1,100;1,65535,1,100;1,65535,1,100;1,65535,1,100
1,65535,1,100;1,65535,1,100;1,65535,1,100;1,65535,1,100;1,65535,1,100;1,65535,1,100;1,65535,1,100;1,65535,1,100;1,65535,1,100;1,65535,1,100;1,65535,1,100;1,65535,1,100;1,65535,1,100;1,65535,1,100;1,65535,1,100;1,65535,1,100;1,65535,1,100;1,65535,1,100
1,65535,1,100;1,65535,1,100;1,65535,1,100;1,65535,1,100;1,65535,1,100;1,65535,1,100;1,65535,1,100;1,65535,1,100;1,65535,1,100;1,65535,1,100;1,65535,1,100;1,65535,1,100;1,65535,1,100;1,65535,1,100;1,65535,1,100;1,65535,1,100;1,65535,1,100;1,65535,1,100
1,65535,1,100;1,65535,1,100;1,65535,1,100;1,65535,1,100;1,65535,1,100;1,65535,1,100;1,65535,1,100;1,65535,1,100;1,65535,1,100;1,65535,1,100;1,65535,1,100;1,65535,1,100;1,65535,1,100;1,65535,1,100;1,65535,1,100;1,65535,1,100;1,65535,1,100;1,65535,1,100
[Node Type]
4;4;4;4;4;4;0;0;0;0;0;0;4;4;4;4;4;4
4;4;4;4;4;4;4;4;4;4;4;4;4;4;4;4;4;4
2;2;1;1;1;1;1;1;1;1;1;1;1;1;1;1;2;2
2;2;1;1;1;1;1;1;1;1;1;1;1;1;1;1;2;2
2;2;1;1;1;1;1;1;1;1;1;1;1;1;1;1;2;2
2;2;1;1;1;1;1;1;1;1;1;1;1;1;1;1;2;2
2;2;1;1;1;1;1;1;1;1;1;1;1;1;1;1;2;2
2;2;1;1;1;1;1;1;1;1;1;1;1;1;1;1;2;2
2;2;1;1;1;1;1;1;1;1;1;1;1;1;1;1;2;2
2;2;1;1;1;1;1;1;1;1;1;1;1;1;1;1;2;2
2;2;1;1;1;1;1;1;1;1;1;1;1;1;1;1;2;2
2;2;1;1;1;1;1;1;1;1;1;1;1;1;1;1;2;2
2;2;1;1;1;1;1;1;1;1;1;1;1;1;1;1;2;2
2;2;1;1;1;1;1;1;1;1;1;1;1;1;1;1;2;2
2;2;1;1;1;1;1;1;1;1;1;1;1;1;1;1;2;2
2;2;1;1;1;1;1;1;1;1;1;1;1;1;1;1;2;2
2;2;1;1;1;1;1;1;1;1;1;1;1;1;1;1;2;2
2;2;1;1;1;1;1;1;1;1;1;1;1;1;1;1;2;2
2;2;1;1;1;1;1;1;1;1;1;1;1;1;1;1;2;2
2;2;1;1;1;1;1;1;1;1;1;1;1;1;1;1;2;2
2;2;1;1;1;1;1;1;1;1;1;1;1;1;1;1;2;2
2;2;1;1;1;1;1;1;1;1;1;1;1;1;1;1;2;2
2;2;1;1;1;1;1;1;1;1;1;1;1;1;1;1;2;2
2;2;1;1;1;1;1;1;1;1;1;1;1;1;1;1;2;2
2;2;1;1;1;1;1;1;1;1;1;1;1;1;1;1;2;2
2;2;1;1;1;1;1;1;1;1;1;1;1;1;1;1;2;2
2;2;1;1;1;1;1;1;1;1;1;1;1;1;1;1;2;2
2;2;1;1;1;1;1;1;1;1;1;1;1;1;1;1;2;2
2;2;1;1;1;1;1;1;1;1;1;1;1;1;1;1;2;2
2;2;1;1;1;1;1;1;1;1;1;1;1;1;1;1;2;2
2;2;2;2;2;2;2;2;2;2;2;2;2;2;2;2;2;2
8;2;2;2;2;2;2;2;2;2;2;2;2;2;2;2;2;8
[PV5_4 Command]
Noise Peak to Peak(IC Only)=0xF1,0x1D,0x01,0xFF,0x00,0xF0,0x03,0xFF,0xFF,0xFF,0xFF,0xFF,0xFF,0xFF,0xFF
Noise Peak To Peak(With Panel)=0xF1,0x1D,0x00,0xFF,0x00,0xF0,0x03,0xFF,0xFF,0xFF,0xFF,0xFF,0xFF,0xFF,0xFF
Short Test -ILI9881=0xF1,0x04,0x00,0x00,0x8C,0x00,0x40,0xF9,0xFF,0xFF,0xFF,0xFF,0xFF,0xFF,0xFF
Calibration Data(DAC)=0xF1,0x01,0x00,0x00,0xF0,0x03,0xFF,0xFF,0xFF,0xFF,0xFF,0xFF,0xFF,0xFF,0xFF
Raw Data(Have BK)=0xF1,0x08,0x00,0x00,0xF0,0x03,0xFF,0xFF,0xFF,0xFF,0xFF,0xFF,0xFF,0xFF,0xFF
Raw Data(No BK)=0xF1,0x05,0x00,0x00,0xF0,0x03,0xFE,0xFF,0xFF,0xFF,0xFF,0xFF,0xFF,0xFF,0xFF
Doze Peak To Peak=0xF1,0x32,0x00,0xFF,0xFF,0xFF,0xFF,0xFF,0xFF,0xFF,0xFF,0xFF,0xFF,0xFF,0xFF
Doze Raw Data=0xF1,0x33,0x00,0xFF,0xFF,0xFF,0xFF,0xFF,0xFF,0xFF,0xFF,0xFF,0xFF,0xFF,0xFF
OPEN DAC=0xF1,0x01,0x00,0x02,0xBC,0x02,0x01,0xFF,0xFF,0xF0,0xFF,0xFF,0xFF,0xFF,0xFF
OPEN Raw1=0xF1,0x08,0x00,0x02,0xBC,0x02,0x00,0xFF,0xFF,0xF0,0xFF,0xFF,0xFF,0xFF,0xFF
OPEN Raw2=0xF1,0x08,0x00,0x00,0xC8,0x02,0x00,0xFF,0xFF,0xF0,0xFF,0xFF,0xFF,0xFF,0xFF
OPEN Raw3=0xF1,0x08,0x00,0x00,0x96,0x02,0x00,0xFF,0xFF,0xF0,0xFF,0xFF,0xFF,0xFF,0XFF
